0.000000
0.000000
0.000000
0.000000
0.000000
0.000000
0.000000
0.000000
0.000000
0.000000
0.000000
0.000000
0.000000
0.000000
0.000000
0.000000
0.000000
0.000000
0.000000
0.000000
0.000000
0.000000
0.000000
0.000000
0.000000
0.000000
0.000000
0.000000
0.000000
0.000000
0.000000
0.000000
0.000000
0.000000
0.000000
0.000000
0.000000
0.000000
0.000000
0.000000
0.000000
0.000000
0.000000
0.000000
0.000000
0.000000
0.000000
0.000000
0.000000
0.000000
0.000000
0.000000
0.000000
0.000000
0.000000
0.000000
0.000000
0.000000
0.000000
0.000000
0.000000
0.000000
0.000000
0.000000
0.000000
0.000000
0.000000
0.000000
0.000000
0.000000
0.000000
0.000000
0.000000
0.000000
0.000000
0.000000
0.000000
0.000000
0.000000
0.000000
0.000000
0.000000
0.000000
0.000000
0.000000
0.000000
0.000000
-731.028870
-134.709320
129.404587
-116.134865
111.721153
-88.892258
51.946007
-30.658531
2.592949
-3.551036
2.276874
0.484303
-0.041667
2.737755
-2.910503
1.785092
5.592949
-7.727235
-2.584073
-1.051200
-6.233974
-0.277367
4.156558
-3.013396
9.035256
-3.999260
4.233974
-4.671022
8.105769
1.384205
-3.663462
-2.396861
0.766026
-6.137985
-7.709813
-0.254849
0.016026
2.883876
8.104783
-2.010930
5.144231
-7.429734
-5.256657
3.116124
-12.169872
5.349852
2.409024
-0.582101
-2.657051
2.381739
3.920365
7.673159
11.208333
-4.142751
1.717209
-5.430062
-104.246796
158.289688
-140.983978
122.812546
-106.407051
76.054161
-53.086540
29.803665
-746.855774
-148.498276
140.803986
-122.774406
100.644234
-91.865631
60.654587
-28.566322
-7.016026
5.461128
-2.552515
3.129438
-1.477564
-15.850674
4.282298
6.149490
-0.157051
2.996630
3.398175
-1.383054
0.535256
3.505671
-5.836045
2.860865
-1.701923
6.071745
-4.618097
-1.642587
1.682692
-18.163790
-8.725099
3.053665
-6.830128
0.478386
3.106755
-7.841141
-9.330128
2.753698
7.014546
-0.137656
-0.426282
5.450608
0.839004
9.233645
0.996795
-0.086045
-3.311391
3.864481
-2.176282
1.496137
2.902613
-13.035420
7.285256
1.269477
1.724606
0.440253
-102.794876
146.505264
-132.099609
126.197899
-108.987183
83.617683
-56.972385
29.392506
-728.714722
-151.870239
136.873032
-113.827332
98.035255
-78.805473
61.903599
-32.907379
0.381410
-5.364810
6.777860
6.203403
-1.201923
16.352482
-1.174803
-6.028517
5.131410
-10.074375
-3.958333
-4.612344
5.150641
0.051529
-0.291667
-2.207183
1.272436
-1.617110
10.147189
-4.308925
2.855769
5.782298
10.594921
-2.690089
-4.028846
1.329142
2.116124
0.083087
-9.778846
7.114152
4.503698
2.232495
-7.637821
-6.641108
-7.020463
-8.211291
-2.721154
0.633711
11.859221
-4.505999
-0.073718
8.043310
-9.401134
0.590155
-1.977564
0.606755
-7.121055
3.747124
-110.615387
140.583664
-137.110458
111.370811
-102.365387
80.260025
-46.315090
31.261177
-728.317322
-161.776871
143.104294
-112.810402
101.182693
-80.782791
58.925297
-31.372042
10.637820
-4.737262
-6.324211
0.023751
3.125000
2.182857
1.680227
-3.091470
2.951923
8.307939
0.598373
0.537722
3.413461
14.521943
-0.488905
2.383383
-2.842949
5.441404
-8.435158
1.586045
-3.804487
-2.766354
-1.669379
-2.335223
0.259615
6.781312
2.666420
8.604783
4.259615
-13.514546
-9.225592
4.772929
10.875000
1.200115
-5.866124
-0.694362
4.233974
9.075197
3.162968
0.533613
1.586538
-11.523915
-5.003698
-3.697485
-11.605769
-5.128452
6.116124
2.504191
-105.474358
144.122772
-138.867355
115.148750
-97.410255
96.258713
-56.298325
26.755753
-726.833313
-137.427353
140.237183
-116.440170
96.166664
-88.339745
54.685898
-29.168804
-13.384616
-0.997699
-14.170118
-6.169297
2.141026
-1.566568
1.841716
0.486358
-2.750000
5.041913
1.863905
-13.843688
-0.096154
-12.776134
2.973373
0.553254
-2.448718
-3.640039
9.017259
-6.212360
-10.525641
8.897600
5.791420
-5.707922
2.333333
-0.239316
-5.737179
-3.393162
-2.166667
-5.826923
0.314103
4.168803
-9.775641
5.169790
-7.635108
4.610289
5.006410
0.698882
-5.624260
0.623274
-0.583333
-0.884451
-0.308679
2.674721
3.185897
-0.970414
-4.774162
5.014135
-97.025642
146.048645
-143.210556
105.225838
-88.153847
94.413376
-54.655327
29.224688
-723.535278
-126.924637
134.530823
-118.788055
97.714745
-82.438118
63.615631
-30.618261
-7.714744
2.544461
-0.133876
6.637985
-1.323718
-8.008794
-7.412969
3.446499
-10.778846
8.882397
-5.275887
-4.012574
6.625000
-11.889793
4.812870
-1.238905
3.112180
6.330621
-7.755671
4.698307
-0.060897
-3.339661
-2.021943
1.908859
0.112179
-6.388971
-8.660995
2.151956
0.362179
11.449951
-2.228057
-3.544461
6.201923
3.791831
-3.234961
3.934336
-1.496795
1.007150
1.594428
-5.905736
2.003205
-4.122863
