0.000000
0.000000
0.000000
0.000000
0.000000
0.000000
0.000000
0.000000
0.000000
0.000000
0.000000
0.000000
0.000000
0.000000
0.000000
0.000000
0.000000
0.000000
0.000000
0.000000
0.000000
0.000000
0.000000
0.000000
0.000000
0.000000
0.000000
0.000000
0.000000
0.000000
0.000000
0.000000
0.000000
0.000000
0.000000
0.000000
0.000000
0.000000
0.000000
0.000000
0.000000
0.000000
0.000000
0.000000
0.000000
0.000000
0.000000
0.000000
0.000000
0.000000
0.000000
0.000000
0.000000
0.000000
0.000000
0.000000
0.000000
0.000000
0.000000
0.000000
0.000000
0.000000
0.000000
0.000000
0.000000
0.000000
0.000000
0.000000
0.000000
0.000000
0.000000
0.000000
0.000000
0.000000
0.000000
0.000000
0.000000
0.000000
0.000000
0.000000
0.000000
0.000000
0.000000
0.000000
0.000000
0.000000
0.000000
0.000000
0.000000
0.000000
0.000000
0.000000
0.000000
0.000000
0.000000
0.000000
0.000000
0.000000
0.000000
0.000000
0.000000
0.000000
0.000000
0.000000
0.000000
0.000000
0.000000
0.000000
0.000000
0.000000
0.000000
0.000000
0.000000
0.000000
0.000000
0.000000
0.000000
0.000000
0.000000
0.000000
0.000000
0.000000
0.000000
0.000000
0.000000
0.000000
0.000000
0.000000
0.000000
0.000000
0.000000
0.000000
0.000000
0.000000
0.000000
0.000000
0.000000
0.000000
0.000000
0.000000
0.000000
0.000000
0.000000
0.000000
0.000000
0.000000
0.000000
0.000000
0.000000
0.000000
0.000000
0.000000
0.000000
0.000000
0.000000
0.000000
0.000000
0.000000
0.000000
0.000000
0.000000
0.000000
0.000000
0.000000
0.000000
0.000000
0.000000
0.000000
0.000000
0.000000
1.529586
-3.754438
6.535503
-7.647929
7.647929
-6.535503
3.754438
-1.529586
0.878698
-2.156805
3.754438
-4.393491
4.393491
-3.754438
2.156805
-0.878698
0.357988
-0.878698
1.529586
-1.789941
1.789941
-1.529586
0.878698
-0.357988
-0.357988
0.878698
-1.529586
1.789941
-1.789941
1.529586
-0.878698
0.357988
-0.878698
2.156805
-3.754438
4.393491
-4.393491
3.754438
-2.156805
0.878698
-1.529586
3.754438
-6.535503
7.647929
-7.647929
6.535503
-3.754438
1.529586
-1.789941
4.393491
-7.647929
8.949704
-8.949704
7.647929
-4.393491
1.789941
2.896450
-7.109468
12.375740
-14.482248
14.482248
-12.375740
7.109468
-2.896450
5.687130
-1.170858
12.184172
-6.224113
13.627958
-4.780325
8.574704
1.716716
3.586539
2.125000
4.971154
1.048077
5.278846
1.355769
4.201923
2.740385
1.068787
3.654586
-1.380917
5.559911
-1.925296
5.015532
-0.019970
2.565828
-0.724112
4.335059
-5.517012
8.062870
-6.582101
6.997781
-2.854290
2.204882
-2.074704
2.534763
-6.441568
5.931213
-7.411983
4.960799
-4.015532
0.593935
-2.891272
0.818787
-6.406065
3.552515
-7.187130
2.771450
-4.453403
-0.743343
-3.846894
-1.485947
-6.083580
0.253698
-6.580621
-0.243343
-4.840976
-2.480030
-1.911982
-8.095414
3.946006
-12.651628
5.247781
-11.349852
0.691568
-5.491864
1.529586
-3.754438
6.535503
-7.647929
7.647929
-6.535503
3.754438
-1.529586
0.878698
-2.156805
3.754438
-4.393491
4.393491
-3.754438
2.156805
-0.878698
0.357988
-0.878698
1.529586
-1.789941
1.789941
-1.529586
0.878698
-0.357988
-0.357988
0.878698
-1.529586
1.789941
-1.789941
1.529586
-0.878698
0.357988
-0.878698
2.156805
-3.754438
4.393491
-4.393491
3.754438
-2.156805
0.878698
-1.529586
3.754438
-6.535503
7.647929
-7.647929
6.535503
-3.754438
1.529586
-1.789941
4.393491
-7.647929
8.949704
-8.949704
7.647929
-4.393491
1.789941
1.789941
-4.393491
7.647929
-8.949704
8.949704
-7.647929
4.393491
-1.789941
1.529586
-3.754438
6.535503
-7.647929
7.647929
-6.535503
3.754438
-1.529586
0.878698
-2.156805
3.754438
-4.393491
4.393491
-3.754438
2.156805
-0.878698
0.357988
-0.878698
1.529586
-1.789941
1.789941
-1.529586
0.878698
-0.357988
-0.357988
0.878698
-1.529586
1.789941
-1.789941
1.529586
-0.878698
0.357988
-0.878698
2.156805
-3.754438
4.393491
-4.393491
3.754438
-2.156805
0.878698
-1.529586
3.754438
-6.535503
7.647929
-7.647929
6.535503
-3.754438
1.529586
-1.789941
4.393491
-7.647929
8.949704
-8.949704
7.647929
-4.393491
1.789941
1.789941
-4.393491
7.647929
-8.949704
8.949704
-7.647929
4.393491
-1.789941
1.529586
-3.754438
6.535503
-7.647929
7.647929
-6.535503
3.754438
-1.529586
0.878698
-2.156805
3.754438
-4.393491
4.393491
-3.754438
2.156805
-0.878698
0.357988
-0.878698
1.529586
-1.789941
1.789941
-1.529586
0.878698
-0.357988
-0.357988
0.878698
-1.529586
1.789941
-1.789941
1.529586
-0.878698
