0.000000
0.000000
0.000000
0.000000
0.000000
0.000000
0.000000
0.000000
0.000000
0.000000
0.000000
0.000000
0.000000
0.000000
0.000000
0.000000
0.000000
0.000000
0.000000
0.000000
0.000000
0.000000
0.000000
0.000000
0.000000
0.000000
0.000000
0.000000
0.000000
0.000000
0.000000
0.000000
0.000000
0.000000
0.000000
0.000000
0.000000
0.000000
0.000000
0.000000
0.000000
0.000000
0.000000
0.000000
0.000000
0.000000
0.000000
0.000000
0.000000
0.000000
0.000000
0.000000
0.000000
0.000000
0.000000
0.000000
0.000000
0.000000
0.000000
0.000000
0.000000
0.000000
0.000000
0.000000
0.000000
0.000000
0.000000
0.000000
0.000000
0.000000
0.000000
0.000000
0.000000
0.000000
0.000000
0.000000
0.000000
0.000000
0.000000
0.000000
0.000000
0.000000
0.000000
0.000000
0.000000
0.000000
0.000000
0.000000
0.000000
0.000000
0.000000
0.000000
0.000000
0.000000
0.000000
0.000000
0.000000
0.000000
0.000000
0.000000
0.000000
0.000000
0.000000
0.000000
0.000000
0.000000
0.000000
0.000000
0.000000
0.000000
0.000000
0.000000
0.000000
0.000000
0.000000
0.000000
0.000000
0.000000
0.000000
0.000000
0.000000
0.000000
0.000000
0.000000
0.000000
0.000000
0.000000
0.000000
0.000000
0.000000
0.000000
0.000000
0.000000
0.000000
0.000000
0.000000
0.000000
0.000000
0.000000
0.000000
0.000000
0.000000
0.000000
0.000000
0.000000
0.000000
0.000000
0.000000
0.000000
0.000000
0.000000
0.000000
0.000000
0.000000
0.000000
0.000000
0.000000
0.000000
0.000000
0.000000
0.000000
0.000000
0.000000
0.000000
0.000000
0.000000
0.000000
0.000000
0.000000
0.000000
-0.455621
1.118343
-1.946746
2.278106
-2.278106
1.946746
-1.118343
0.455621
0.455621
-1.118343
1.946746
-2.278106
2.278106
-1.946746
1.118343
-0.455621
1.106509
-2.715976
4.727810
-5.532545
5.532545
-4.727810
2.715976
-1.106509
1.106509
-2.715976
4.727810
-5.532545
5.532545
-4.727810
2.715976
-1.106509
0.455621
-1.118343
1.946746
-2.278106
2.278106
-1.946746
1.118343
-0.455621
-0.455621
1.118343
-1.946746
2.278106
-2.278106
1.946746
-1.118343
0.455621
-1.106509
2.715976
-4.727810
5.532545
-5.532545
4.727810
-2.715976
1.106509
2.001479
-4.912722
8.551775
-10.007397
10.007397
-8.551775
4.912722
-2.001479
1.220414
-2.995562
5.214497
-6.102071
6.102071
-5.214497
2.995562
-1.220414
-0.016272
0.039941
-0.069527
0.081361
-0.081361
0.069527
-0.039941
0.016272
-0.927515
2.276627
-3.963018
4.637574
-4.637574
3.963018
-2.276627
0.927515
-1.285503
3.155325
-5.492604
6.427515
-6.427515
5.492604
-3.155325
1.285503
-0.894970
2.196746
-3.823965
4.474852
-4.474852
3.823965
-2.196746
0.894970
-0.309172
0.758876
-1.321006
1.545858
-1.545858
1.321006
-0.758876
0.309172
0.211538
-0.519231
0.903846
-1.057692
1.057692
-0.903846
0.519231
-0.211538
0.000000
0.000000
0.000000
0.000000
0.000000
0.000000
0.000000
0.000000
0.000000
0.000000
0.000000
0.000000
0.000000
0.000000
0.000000
0.000000
0.000000
0.000000
0.000000
0.000000
0.000000
0.000000
0.000000
0.000000
0.000000
0.000000
0.000000
0.000000
0.000000
0.000000
0.000000
0.000000
0.000000
0.000000
0.000000
0.000000
0.000000
0.000000
0.000000
0.000000
0.000000
0.000000
0.000000
0.000000
0.000000
0.000000
0.000000
0.000000
0.000000
0.000000
0.000000
0.000000
0.000000
0.000000
0.000000
0.000000
0.000000
0.000000
0.000000
0.000000
0.000000
0.000000
0.000000
0.000000
2.001479
-4.912722
8.551775
-10.007397
10.007397
-8.551775
4.912722
-2.001479
1.220414
-2.995562
5.214497
-6.102071
6.102071
-5.214497
2.995562
-1.220414
-0.016272
0.039941
-0.069527
0.081361
-0.081361
0.069527
-0.039941
0.016272
-0.927515
2.276627
-3.963018
4.637574
-4.637574
3.963018
-2.276627
0.927515
-1.285503
3.155325
-5.492604
6.427515
-6.427515
5.492604
-3.155325
1.285503
-0.894970
2.196746
-3.823965
4.474852
-4.474852
3.823965
-2.196746
0.894970
-0.309172
0.758876
-1.321006
1.545858
-1.545858
1.321006
-0.758876
0.309172
0.211538
-0.519231
0.903846
-1.057692
1.057692
-0.903846
0.519231
-0.211538
-1.106509
2.715976
-4.727810
5.532545
-5.532545
4.727810
-2.715976
1.106509
-0.455621
1.118343
-1.946746
2.278106
-2.278106
1.946746
-1.118343
0.455621
0.455621
-1.118343
1.946746
-2.278106
2.278106
-1.946746
1.118343
-0.455621
1.106509
-2.715976
4.727810
-5.532545
5.532545
-4.727810
2.715976
-1.106509
1.106509
-2.715976
4.727810
-5.532545
5.532545
-4.727810
2.715976
