0.000000
0.000000
0.000000
0.000000
0.000000
0.000000
0.000000
0.000000
0.000000
0.000000
0.000000
0.000000
0.000000
0.000000
0.000000
0.000000
0.000000
0.000000
0.000000
0.000000
0.000000
0.000000
0.000000
0.000000
0.000000
0.000000
0.000000
0.000000
0.000000
0.000000
0.000000
0.000000
0.000000
0.000000
0.000000
0.000000
0.000000
0.000000
0.000000
0.000000
0.000000
0.000000
0.000000
0.000000
0.000000
0.000000
0.000000
0.000000
0.000000
0.000000
0.000000
0.000000
0.000000
0.000000
0.000000
0.000000
0.000000
0.000000
0.000000
0.000000
0.000000
0.000000
0.000000
0.000000
0.000000
0.000000
0.000000
0.000000
0.000000
0.000000
0.000000
0.000000
0.000000
0.000000
0.000000
0.000000
0.000000
0.000000
0.000000
0.000000
0.000000
0.000000
0.000000
0.000000
0.000000
0.000000
0.000000
0.000000
0.000000
0.000000
0.000000
0.000000
0.000000
0.000000
0.000000
0.000000
0.000000
0.000000
0.000000
0.000000
0.000000
0.000000
0.000000
0.000000
0.000000
0.000000
0.000000
0.000000
0.000000
0.000000
0.000000
0.000000
0.000000
0.000000
0.000000
0.000000
0.000000
0.000000
0.000000
0.000000
0.000000
0.000000
0.000000
0.000000
0.000000
0.000000
0.000000
0.000000
0.000000
0.000000
0.000000
0.000000
0.000000
0.000000
0.000000
0.000000
0.000000
0.000000
0.000000
0.000000
0.000000
0.000000
0.000000
0.000000
0.000000
0.000000
0.000000
0.000000
0.000000
0.000000
0.000000
0.000000
0.000000
0.000000
0.000000
0.000000
0.000000
0.000000
0.000000
0.000000
0.000000
0.000000
0.000000
0.000000
0.000000
0.000000
0.000000
0.000000
0.000000
0.000000
-36.484959
75.357246
-146.171356
165.875992
-178.226578
147.879929
-93.565826
32.335552
-28.446007
55.406067
-96.259613
91.923813
-87.395706
56.977070
-32.623520
7.417900
-20.267506
35.219673
-53.371056
33.800541
-20.657051
-6.834566
8.485947
-9.375986
9.797091
-38.311390
56.353306
-75.889297
68.716225
-67.218689
32.676773
-19.124014
2.075690
-19.750740
51.185158
-97.631409
120.632889
-135.331604
87.397186
-41.577171
37.189594
-105.648666
180.574203
-228.425797
229.039703
-210.350845
118.925301
-54.303501
-8.989891
7.298077
11.868096
-59.575691
91.213264
-116.987923
81.321747
-39.147682
11.205704
-40.311390
-41.110863
141.523254
-260.924133
302.798737
-237.876480
91.695183
-34.796268
69.737915
-138.699615
153.906891
-170.488251
136.177429
-92.177269
26.416092
-27.689924
53.138805
-93.779671
86.463921
-85.551201
50.881741
-33.971645
3.046433
-19.874014
36.499752
-54.957840
34.768982
-23.702415
-7.324704
5.128945
-11.846400
13.745809
-43.631905
67.943047
-89.004684
80.985451
-79.654587
37.151134
-23.918886
7.517834
-25.813856
66.386665
-113.137001
136.984634
-149.686966
94.306458
-46.173161
40.943707
-105.442558
186.549225
-231.798904
234.489731
-214.248932
120.796104
-55.980686
-4.802844
9.098866
17.175461
-60.498112
95.751068
-118.679901
83.136337
-39.719345
16.315170
-39.711784
-32.869247
137.834900
-253.005020
298.787872
-234.245316
90.816483
-43.322895
74.017014
-148.680878
158.506485
-164.250580
134.345078
-76.181213
32.566978
-30.698801
50.091469
-94.525230
88.401794
-85.012741
58.008957
-30.075197
10.809747
-6.875493
1.883876
-19.594427
18.423323
-31.705868
23.566322
-22.355770
3.658037
0.267012
-8.926282
35.239399
-76.545609
98.532295
-116.921349
74.108231
-38.753696
10.544461
-34.056458
72.315666
-113.104454
127.676941
-135.991699
81.232498
-41.616947
33.906227
-98.471153
172.719833
-224.668716
230.977890
-216.327835
125.579147
-56.715401
-1.821088
-20.902613
36.843605
-73.300377
85.346237
-94.383545
61.942554
-26.724770
-0.721811
-29.256657
-58.434830
144.566162
-249.842789
285.820923
-214.629440
89.498436
-34.213181
89.159271
-147.778763
165.658112
-163.412552
128.545029
-77.964005
23.929159
-19.211866
44.145462
-78.022026
85.227478
-87.449379
67.527939
-42.920612
12.164530
-14.496549
19.750986
-35.926037
24.009863
-19.154833
2.970414
0.858481
-2.704635
5.118836
-37.706608
58.486195
-89.869820
93.908287
-93.678505
58.091225
-23.964991
-4.623931
-17.107494
47.450527
-106.582016
139.102722
-157.616211
109.080872
-46.089085
39.357658
-119.448723
189.422256
-232.663544
220.835144
-196.102722
105.475349
-48.183102
-4.087114
-5.820513
23.431131
-66.307526
83.964333
-106.993263
65.651871
-37.300461
9.472715
-31.294872
-45.983398
135.944611
-249.210876
278.267426
-225.950699
78.832016
-43.943707
78.128944
-153.891922
155.688934
-166.590805
121.510765
-80.081116
20.512245
-24.278189
41.136341
-84.054817
84.565498
-92.819443
67.528679
-45.943539
11.198800
-13.348866
25.137327
-39.776379
31.688116
-24.993343
8.660502
-2.688116
-2.012574
8.468195
-30.434172
55.732990
-81.725594
87.667900
-89.021446
52.722633
